POST /collect HTTP/1.1
Host: f.clarity.ms
Cookie: MUID=08E9BC3E447E66CB00ADAA7845346719
User-Agent: Mozilla/5.0 (Windows NT 10.0; Win64; x64; rv:141.0) Gecko/20100101 Firefox/141.0
Accept: */*
Accept-Language: pt-BR,pt;q=0.8,en-US;q=0.5,en;q=0.3
Accept-Encoding: gzip, deflate
Referer: https://login.sejaefi.com.br/
Content-Type: text/plain;charset=UTF-8
Content-Length: 4000
Origin: https://login.sejaefi.com.br
Sec-Fetch-Dest: empty
Sec-Fetch-Mode: no-cors
Sec-Fetch-Site: cross-site
Priority: u=6
Te: trailers
Connection: close

{"e":["0.8.23",11,98867,7013,"g0r6pkqi91","103nrd5","fofjpz",1,1,1,0,"https://login.sejaefi.com.br/oauth/authorize?redirect_to=https://app.sejaefi.com.br/"],"a":[[99517,12,125,1036,231],[99532,12,125,929,273],[99564,12,171,776,346],[99564,12,126,741,364],[99595,12,97,636,434],[99611,12,26,584,469],[99622,12,26,551,484],[99638,12,26,529,490],[99653,12,26,514,492],[99668,12,26,507,492],[99684,12,26,501,493],[99699,12,26,500,493],[99746,12,26,499,493],[99762,12,26,497,494],[99793,12,26,488,495],[99809,12,26,479,496],[99840,12,26,476,496],[99856,12,26,475,495],[99871,12,26,473,493],[99887,12,26,464,491],[99902,12,26,452,489],[99918,12,26,431,489],[99934,12,26,415,489],[99949,12,93,398,489],[99965,12,93,392,490],[99981,12,93,390,491],[99996,12,93,389,491],[100012,12,93,388,491],[100043,12,93,381,493],[100043,12,93,377,495],[100074,12,120,362,500],[100090,12,120,356,506],[100106,12,120,349,514],[100120,12,120,344,520],[100137,12,120,339,526],[100152,12,120,336,529],[100168,12,120,335,529],[100183,12,120,334,529],[100199,12,120,334,530],[100215,12,120,333,530],[100231,12,120,332,530],[100246,12,120,331,530],[100324,13,120,331,530],[100402,14,120,331,530],[100402,9,120,331,530,24629,24775,0,0,0,"Entrar",null,"6n4aysw76.6n4aysw76",1,1],[100411,39,62],[100668,12,120,332,528],[100684,12,120,337,524],[100684,12,120,347,514],[100699,12,93,381,487],[100715,12,26,427,448],[100745,12,26,514,369],[100745,12,35,535,352],[100777,12,35,577,321],[100793,12,35,587,315],[101012,12,35,587,314],[101027,12,35,583,305],[101059,12,35,568,273],[101074,12,35,548,246],[101090,12,35,521,221],[101699,12,26,501,187],[101715,12,26,501,195],[101746,12,26,501,217],[101762,12,26,502,232],[101777,12,26,503,252],[101793,12,26,507,271],[101809,12,35,518,297],[101824,12,35,529,314],[101840,12,35,544,333],[101856,12,35,555,342],[101871,12,35,564,349],[101887,12,35,568,353],[101902,12,35,572,355],[101918,12,35,576,355],[101934,12,35,589,349],[101949,12,35,596,343],[102121,12,35,595,343],[102137,12,35,592,347],[102151,12,35,587,356],[102167,12,35,595,390],[102184,12,26,601,405],[102214,12,129,654,473],[102231,12,129,706,517],[102231,12,26,734,544],[102262,12,26,790,594],[102277,12,26,825,618],[102293,12,26,848,628],[102309,12,26,868,634],[102324,12,26,876,636],[102340,12,26,880,636],[102356,12,26,883,627],[102527,12,26,882,627],[102543,12,26,882,629],[102559,12,26,882,631],[102574,12,26,885,635],[102590,12,26,888,640],[102606,12,26,889,642],[102652,12,26,889,643],[102746,12,26,888,642],[102762,12,26,887,642],[102777,12,26,886,641],[102809,12,26,886,640],[102964,12,26,885,640],[102981,12,26,885,639],[102996,12,26,885,638],[103012,12,26,885,637],[103027,12,26,888,635],[103043,12,26,892,635],[103074,12,26,901,635],[103090,12,26,903,635],[103215,12,26,904,635],[103246,12,26,903,635],[103262,12,26,902,635],[103277,12,26,901,635],[103293,12,26,900,635],[103309,12,26,899,635],[103324,12,26,896,634],[103340,12,26,894,633],[103356,12,26,892,632],[103371,12,26,889,630],[103387,12,26,887,628],[103402,12,26,886,627],[103418,12,26,885,627],[103512,12,26,885,626],[103667,12,26,885,625],[103684,12,26,887,622],[103699,12,26,900,614],[103715,12,26,929,597],[103731,12,26,1007,554],[103746,12,26,1044,533],[104934,12,180,1065,886],[104949,12,180,1043,892],[104965,12,180,1030,892],[104981,12,180,1026,886],[105012,12,180,1025,874],[105027,12,36,1032,862],[105152,12,36,1033,862],[105152,12,36,1033,866],[105168,12,180,1032,871],[105184,12,180,1026,876],[105198,12,180,1018,884],[105214,12,182,1011,898],[105231,12,180,1008,912],[105245,12,106,1007,930],[105277,12,106,1007,936],[105293,12,50,1007,941],[105309,12,50,1007,952],[105876,26,"pagehide",0],[98867,4,1,1094,954,1094,954,0,0,1093,919,92129,0,92901,1093,919,92901,228,385,89840,228,385,89934,1059,951,92901],[105880,0,2,1129,3,1,4,5,5,2,25,152],[105880,36,6,[100436,0,100950,0]]],"p":[[100950,6,186,62,93,"INPUT","type=hidden","name=grecaptcha_action","value=••••",187,62,186,[5],"id=g-recaptcha-response",[6],"name=recaptcha_token",[8]]]}